{
    "RT35": {
        "R": [
            [
                1.0, 
                0.0, 
                0.0
            ], 
            [
                4.656612873077393e-10, 
                1.0, 
                0.0
            ], 
            [
                0.0, 
                0.0, 
                1.0
            ]
        ], 
        "T": [
            -2.384185791015625e-07, 
            0.0, 
            0.0
        ]
    }
}{
    "RT0": {
        "R": [
            [
                0.9999999403953552, 
                0.0, 
                7.450580596923828e-09
            ], 
            [
                -9.313225746154785e-09, 
                1.0, 
                0.0
            ], 
            [
                -7.450580596923828e-09, 
                2.9802322387695312e-08, 
                1.0
            ]
        ], 
        "T": [
            0.0, 
            0.0, 
            -1.9073486328125e-06
        ]
    }
}{
    "RT1": {
        "R": [
            [
                0.9920196533203125, 
                0.12600378692150116, 
                -0.00445760041475296
            ], 
            [
                -0.12540872395038605, 
                0.9824504256248474, 
                -0.13807180523872375
            ], 
            [
                -0.013018190860748291, 
                0.13752895593643188, 
                0.990412175655365
            ]
        ], 
        "T": [
            -1.3983678817749023, 
            -4.560063362121582, 
            -2.330911636352539
        ]
    }
}{
    "RT2": {
        "R": [
            [
                0.9898515343666077, 
                0.1296701282262802, 
                0.058132514357566833
            ], 
            [
                -0.1196063905954361, 
                0.9811310768127441, 
                -0.15190808475017548
            ], 
            [
                -0.0767335593700409, 
                0.1434134691953659, 
                0.9866835474967957
            ]
        ], 
        "T": [
            -1.15159273147583, 
            -6.092860221862793, 
            -2.2226314544677734
        ]
    }
}{
    "RT3": {
        "R": [
            [
                0.992019772529602, 
                -0.12540873885154724, 
                -0.013018205761909485
            ], 
            [
                0.12600378692150116, 
                0.9824504256248474, 
                0.13752895593643188
            ], 
            [
                -0.004457607865333557, 
                -0.13807177543640137, 
                0.990412175655365
            ]
        ], 
        "T": [
            0.7849922180175781, 
            4.976803779602051, 
            1.6727123260498047
        ]
    }
}{
    "RT4": {
        "R": [
            [
                1.0, 
                1.862645149230957e-09, 
                -7.450580596923828e-09
            ], 
            [
                1.862645149230957e-09, 
                1.0, 
                7.450580596923828e-09
            ], 
            [
                0.0, 
                7.450580596923828e-09, 
                1.0
            ]
        ], 
        "T": [
            -2.384185791015625e-07, 
            -9.5367431640625e-07, 
            0.0
        ]
    }
}{
    "RT5": {
        "R": [
            [
                0.9979510307312012, 
                0.0037259235978126526, 
                0.06387436389923096
            ], 
            [
                -0.0033353841863572598, 
                0.9999751448631287, 
                -0.006219677627086639
            ], 
            [
                -0.06389594823122025, 
                0.00599389523267746, 
                0.9979385137557983
            ]
        ], 
        "T": [
            0.4356224536895752, 
            -1.4599113464355469, 
            0.317779541015625
        ]
    }
}{
    "RT6": {
        "R": [
            [
                0.9898516535758972, 
                -0.1196063980460167, 
                -0.07673356682062149
            ], 
            [
                0.12967011332511902, 
                0.9811310172080994, 
                0.14341343939304352
            ], 
            [
                0.058132514357566833, 
                -0.15190808475017548, 
                0.9866836071014404
            ]
        ], 
        "T": [
            0.24060964584350586, 
            6.445977210998535, 
            1.3344230651855469
        ]
    }
}{
    "RT7": {
        "R": [
            [
                0.9979510307312012, 
                -0.0033353865146636963, 
                -0.06389595568180084
            ], 
            [
                0.003725922666490078, 
                0.9999750852584839, 
                0.00599389523267746
            ], 
            [
                0.06387436389923096, 
                -0.006219685077667236, 
                0.9979385733604431
            ]
        ], 
        "T": [
            -0.4192945957183838, 
            1.4563465118408203, 
            -0.35402870178222656
        ]
    }
}{
    "RT8": {
        "R": [
            [
                1.0, 
                0.0, 
                0.0
            ], 
            [
                4.656612873077393e-10, 
                1.0, 
                0.0
            ], 
            [
                0.0, 
                0.0, 
                1.0
            ]
        ], 
        "T": [
            -2.384185791015625e-07, 
            0.0, 
            0.0
        ]
    }
}