{
    "Transformation matrix0": {
    "Transformation matrix0": {
    "Transformation matrix0": {
    "Transformation matrix0": {
    "Transformation matrix0": [
        [
            0.16209858655929565, 
            -0.9496926665306091, 
            0.2679700255393982, 
            5.228176593780518
        ], 
        [
            0.9321569204330444, 
            0.05827856436371803, 
            -0.357333242893219, 
            -5.40383768081665
        ], 
        [
            0.32373982667922974, 
            0.3077133297920227, 
            0.8947094678878784, 
            20.958477020263672
        ], 
        [
            0.0, 
            0.0, 
            0.0, 
            1.0
        ]
    ]
}{
    "Transformation matrix0": [
        [
            0.16209858655929565, 
            -0.9496926665306091, 
            0.2679700255393982, 
            5.228176593780518
        ], 
        [
            0.9321569204330444, 
            0.05827856436371803, 
            -0.357333242893219, 
            -5.40383768081665
        ], 
        [
            0.32373982667922974, 
            0.3077133297920227, 
            0.8947094678878784, 
            20.958477020263672
        ], 
        [
            0.0, 
            0.0, 
            0.0, 
            1.0
        ]
    ]
}{
    "Transformation matrix0": [
        [
            0.16209858655929565, 
            -0.9496926665306091, 
            0.2679700255393982, 
            5.228176593780518
        ], 
        [
            0.9321569204330444, 
            0.05827856436371803, 
            -0.357333242893219, 
            -5.40383768081665
        ], 
        [
            0.32373982667922974, 
            0.3077133297920227, 
            0.8947094678878784, 
            20.958477020263672
        ], 
        [
            0.0, 
            0.0, 
            0.0, 
            1.0
        ]
    ]
}